0.0884 0.0884 0.0884 0.0884 0.0884 0.0884 0.0884 0.0884 0.0884 0.0884 0.0884 0.0884 0.0884 0.0884 0.0884 0.0884
0.1244 0.1196 0.1102 0.0966 0.0793 0.0589 0.0363 0.0123 -0.0123 -0.0363 -0.0589 -0.0793 -0.0966 -0.1102 -0.1196 -0.1244
0.1226 0.1039 0.0694 0.0244 -0.0244 -0.0694 -0.1039 -0.1226 -0.1226 -0.1039 -0.0694 -0.0244 0.0244 0.0694 0.1039 0.1226
0.1196 0.0793 0.0123 -0.0589 -0.1102 -0.1244 -0.0966 -0.0363 0.0363 0.0966 0.1244 0.1102 0.0589 -0.0123 -0.0793 -0.1196
0.1155 0.0478 -0.0478 -0.1155 -0.1155 -0.0478 0.0478 0.1155 0.1155 0.0478 -0.0478 -0.1155 -0.1155 -0.0478 0.0478 0.1155
0.1102 0.0123 -0.0966 -0.1196 -0.0363 0.0793 0.1244 0.0589 -0.0589 -0.1244 -0.0793 0.0363 0.1196 0.0966 -0.0123 -0.1102
0.1039 -0.0244 -0.1226 -0.0694 0.0694 0.1226 0.0244 -0.1039 -0.1039 0.0244 0.1226 0.0694 -0.0694 -0.1226 -0.0244 0.1039
0.0966 -0.0589 -0.1196 0.0123 0.1244 0.0363 -0.1102 -0.0793 0.0793 0.1102 -0.0363 -0.1244 -0.0123 0.1196 0.0589 -0.0966
0.0884 -0.0884 -0.0884 0.0884 0.0884 -0.0884 -0.0884 0.0884 0.0884 -0.0884 -0.0884 0.0884 0.0884 -0.0884 -0.0884 0.0884
0.0793 -0.1102 -0.0363 0.1244 -0.0123 -0.1196 0.0589 0.0966 -0.0966 -0.0589 0.1196 0.0123 -0.1244 0.0363 0.1102 -0.0793
0.0694 -0.1226 0.0244 0.1039 -0.1039 -0.0244 0.1226 -0.0694 -0.0694 0.1226 -0.0244 -0.1039 0.1039 0.0244 -0.1226 0.0694
0.0589 -0.1244 0.0793 0.0363 -0.1196 0.0966 0.0123 -0.1102 0.1102 -0.0123 -0.0966 0.1196 -0.0363 -0.0793 0.1244 -0.0589
0.0478 -0.1155 0.1155 -0.0478 -0.0478 0.1155 -0.1155 0.0478 0.0478 -0.1155 0.1155 -0.0478 -0.0478 0.1155 -0.1155 0.0478
0.0363 -0.0966 0.1244 -0.1102 0.0589 0.0123 -0.0793 0.1196 -0.1196 0.0793 -0.0123 -0.0589 0.1102 -0.1244 0.0966 -0.0363
0.0244 -0.0694 0.1039 -0.1226 0.1226 -0.1039 0.0694 -0.0244 -0.0244 0.0694 -0.1039 0.1226 -0.1226 0.1039 -0.0694 0.0244
0.0123 -0.0363 0.0589 -0.0793 0.0966 -0.1102 0.1196 -0.1244 0.1244 -0.1196 0.1102 -0.0966 0.0793 -0.0589 0.0363 -0.0123
